-25.000000 -24.902153 -24.804305 -24.706458 -24.608611
-24.510763 -24.412916 -24.315068 -24.217221 -24.119374
-24.021526 -23.923679 -23.825832 -23.727984 -23.630137
-23.532290 -23.434442 -23.336595 -23.238748 -23.140900
-23.043053 -22.945205 -22.847358 -22.749511 -22.651663
-22.553816 -22.455969 -22.358121 -22.260274 -22.162427
-22.064579 -21.966732 -21.868885 -21.771037 -21.673190
-21.575342 -21.477495 -21.379648 -21.281800 -21.183953
-21.086106 -20.988258 -20.890411 -20.792564 -20.694716
-20.596869 -20.499022 -20.401174 -20.303327 -20.205479
-20.107632 -20.009785 -19.911937 -19.814090 -19.716243
-19.618395 -19.520548 -19.422701 -19.324853 -19.227006
-19.129159 -19.031311 -18.933464 -18.835616 -18.737769
-18.639922 -18.542074 -18.444227 -18.346380 -18.248532
-18.150685 -18.052838 -17.954990 -17.857143 -17.759295
-17.661448 -17.563601 -17.465753 -17.367906 -17.270059
-17.172211 -17.074364 -16.976517 -16.878669 -16.780822
-16.682975 -16.585127 -16.487280 -16.389432 -16.291585
-16.193738 -16.095890 -15.998043 -15.900196 -15.802348
-15.704501 -15.606654 -15.508806 -15.410959 -15.313112
-15.215264 -15.117417 -15.019569 -14.921722 -14.823875
-14.726027 -14.628180 -14.530333 -14.432485 -14.334638
-14.236791 -14.138943 -14.041096 -13.943249 -13.845401
-13.747554 -13.649706 -13.551859 -13.454012 -13.356164
-13.258317 -13.160470 -13.062622 -12.964775 -12.866928
-12.769080 -12.671233 -12.573386 -12.475538 -12.377691
-12.279843 -12.181996 -12.084149 -11.986301 -11.888454
-11.790607 -11.692759 -11.594912 -11.497065 -11.399217
-11.301370 -11.203523 -11.105675 -11.007828 -10.909980
-10.812133 -10.714286 -10.616438 -10.518591 -10.420744
-10.322896 -10.225049 -10.127202 -10.029354 -9.931507
-9.833659 -9.735812 -9.637965 -9.540117 -9.442270
-9.344423 -9.246575 -9.148728 -9.050881 -8.953033
-8.855186 -8.757339 -8.659491 -8.561644 -8.463796
-8.365949 -8.268102 -8.170254 -8.072407 -7.974560
-7.876712 -7.778865 -7.681018 -7.583170 -7.485323
-7.387476 -7.289628 -7.191781 -7.093933 -6.996086
-6.898239 -6.800391 -6.702544 -6.604697 -6.506849
-6.409002 -6.311155 -6.213307 -6.115460 -6.017613
-5.919765 -5.821918 -5.724070 -5.626223 -5.528376
-5.430528 -5.332681 -5.234834 -5.136986 -5.039139
-4.941292 -4.843444 -4.745597 -4.647750 -4.549902
-4.452055 -4.354207 -4.256360 -4.158513 -4.060665
-3.962818 -3.864971 -3.767123 -3.669276 -3.571429
-3.473581 -3.375734 -3.277886 -3.180039 -3.082192
-2.984344 -2.886497 -2.788650 -2.690802 -2.592955
-2.495108 -2.397260 -2.299413 -2.201566 -2.103718
-2.005871 -1.908023 -1.810176 -1.712329 -1.614481
-1.516634 -1.418787 -1.320939 -1.223092 -1.125245
-1.027397 -0.929550 -0.831703 -0.733855 -0.636008
-0.538160 -0.440313 -0.342466 -0.244618 -0.146771
-0.048924 0.048924 0.146771 0.244618 0.342466
0.440313 0.538160 0.636008 0.733855 0.831703
0.929550 1.027397 1.125245 1.223092 1.320939
1.418787 1.516634 1.614481 1.712329 1.810176
1.908023 2.005871 2.103718 2.201566 2.299413
2.397260 2.495108 2.592955 2.690802 2.788650
2.886497 2.984344 3.082192 3.180039 3.277886
3.375734 3.473581 3.571429 3.669276 3.767123
3.864971 3.962818 4.060665 4.158513 4.256360
4.354207 4.452055 4.549902 4.647750 4.745597
4.843444 4.941292 5.039139 5.136986 5.234834
5.332681 5.430528 5.528376 5.626223 5.724070
5.821918 5.919765 6.017613 6.115460 6.213307
6.311155 6.409002 6.506849 6.604697 6.702544
6.800391 6.898239 6.996086 7.093933 7.191781
7.289628 7.387476 7.485323 7.583170 7.681018
7.778865 7.876712 7.974560 8.072407 8.170254
8.268102 8.365949 8.463796 8.561644 8.659491
8.757339 8.855186 8.953033 9.050881 9.148728
9.246575 9.344423 9.442270 9.540117 9.637965
9.735812 9.833659 9.931507 10.029354 10.127202
10.225049 10.322896 10.420744 10.518591 10.616438
10.714286 10.812133 10.909980 11.007828 11.105675
11.203523 11.301370 11.399217 11.497065 11.594912
11.692759 11.790607 11.888454 11.986301 12.084149
12.181996 12.279843 12.377691 12.475538 12.573386
12.671233 12.769080 12.866928 12.964775 13.062622
13.160470 13.258317 13.356164 13.454012 13.551859
13.649706 13.747554 13.845401 13.943249 14.041096
14.138943 14.236791 14.334638 14.432485 14.530333
14.628180 14.726027 14.823875 14.921722 15.019569
15.117417 15.215264 15.313112 15.410959 15.508806
15.606654 15.704501 15.802348 15.900196 15.998043
16.095890 16.193738 16.291585 16.389432 16.487280
16.585127 16.682975 16.780822 16.878669 16.976517
17.074364 17.172211 17.270059 17.367906 17.465753
17.563601 17.661448 17.759295 17.857143 17.954990
18.052838 18.150685 18.248532 18.346380 18.444227
18.542074 18.639922 18.737769 18.835616 18.933464
19.031311 19.129159 19.227006 19.324853 19.422701
19.520548 19.618395 19.716243 19.814090 19.911937
20.009785 20.107632 20.205479 20.303327 20.401174
20.499022 20.596869 20.694716 20.792564 20.890411
20.988258 21.086106 21.183953 21.281800 21.379648
21.477495 21.575342 21.673190 21.771037 21.868885
21.966732 22.064579 22.162427 22.260274 22.358121
22.455969 22.553816 22.651663 22.749511 22.847358
22.945205 23.043053 23.140900 23.238748 23.336595
23.434442 23.532290 23.630137 23.727984 23.825832
23.923679 24.021526 24.119374 24.217221 24.315068
24.412916 24.510763 24.608611 24.706458 24.804305
24.902153 25.000000 0.001270 0.001060 0.000817
0.000545 0.000249 -0.000064 -0.000390 -0.000720
-0.001048 -0.001368 -0.001672 -0.001954 -0.002207
-0.002426 -0.002605 -0.002739 -0.002826 -0.002860
-0.002841 -0.002768 -0.002640 -0.002458 -0.002226
-0.001945 -0.001619 -0.001255 -0.000858 -0.000435
0.000008 0.000461 0.000918 0.001369 0.001807
0.002222 0.002607 0.002955 0.003258 0.003510
0.003707 0.003843 0.003916 0.003923 0.003865
0.003742 0.003555 0.003309 0.003007 0.002657
0.002264 0.001836 0.001384 0.000916 0.000442
-0.000026 -0.000479 -0.000904 -0.001293 -0.001634
-0.001918 -0.002138 -0.002284 -0.002351 -0.002335
-0.002231 -0.002037 -0.001754 -0.001383 -0.000926
-0.000390 0.000219 0.000894 0.001625 0.002401
0.003210 0.004040 0.004877 0.005707 0.006517
0.007292 0.008019 0.008686 0.009280 0.009791
0.010211 0.010531 0.010746 0.010852 0.010849
0.010736 0.010518 0.010199 0.009787 0.009293
0.008727 0.008103 0.007438 0.006746 0.006047
0.005359 0.004700 0.004089 0.003545 0.003086
0.002727 0.002486 0.002373 0.002401 0.002579
0.002911 0.003400 0.004046 0.004845 0.005791
0.006871 0.008073 0.009380 0.010771 0.012225
0.013717 0.015219 0.016705 0.018145 0.019509
0.020769 0.021897 0.022865 0.023650 0.024229
0.024584 0.024700 0.024568 0.024183 0.023544
0.022659 0.021539 0.020202 0.018675 0.016987
0.015176 0.013284 0.011361 0.009460 0.007640
0.005961 0.004489 0.003291 0.002434 0.001987
0.002017 0.002589 0.003763 0.005597 0.008142
0.011442 0.015533 0.020441 0.026184 0.032768
0.040185 0.048418 0.057435 0.067190 0.077626
0.088668 0.100232 0.112218 0.124514 0.136996
0.149529 0.161968 0.174158 0.185937 0.197138
0.207589 0.217114 0.225538 0.232687 0.238389
0.242477 0.244793 0.245187 0.243519 0.239662
0.233506 0.224953 0.213927 0.200369 0.184238
0.165518 0.144213 0.120349 0.093973 0.065159
0.033998 0.000608 -0.034877 -0.072299 -0.111482
-0.152233 -0.194342 -0.237586 -0.281727 -0.326521
-0.371710 -0.417036 -0.462233 -0.507035 -0.551177
-0.594398 -0.636443 -0.677062 -0.716017 -0.753082
-0.788045 -0.820707 -0.850888 -0.878426 -0.903175
-0.925013 -0.943836 -0.959562 -0.972128 -0.981494
-0.987638 -0.990562 -0.990282 -0.986836 -0.980278
-0.970677 -0.958118 -0.942698 -0.924525 -0.903719
-0.880405 -0.854716 -0.826791 -0.796771 -0.764798
-0.731014 -0.695563 -0.658584 -0.620212 -0.580579
-0.539813 -0.498033 -0.455354 -0.411886 -0.367729
-0.322980 -0.277727 -0.232054 -0.186040 -0.139759
-0.093281 -0.046672 0.000000 0.046672 0.093281
0.139759 0.186040 0.232054 0.277727 0.322980
0.367729 0.411886 0.455354 0.498033 0.539813
0.580579 0.620212 0.658584 0.695563 0.731014
0.764798 0.796771 0.826791 0.854716 0.880405
0.903719 0.924525 0.942698 0.958118 0.970677
0.980278 0.986836 0.990282 0.990562 0.987638
0.981494 0.972128 0.959562 0.943836 0.925013
0.903175 0.878426 0.850888 0.820707 0.788045
0.753082 0.716017 0.677062 0.636443 0.594398
0.551177 0.507035 0.462233 0.417036 0.371710
0.326521 0.281727 0.237586 0.194342 0.152233
0.111482 0.072299 0.034877 -0.000608 -0.033998
-0.065159 -0.093973 -0.120349 -0.144213 -0.165518
-0.184238 -0.200369 -0.213927 -0.224953 -0.233506
-0.239662 -0.243519 -0.245187 -0.244793 -0.242477
-0.238389 -0.232687 -0.225538 -0.217114 -0.207589
-0.197138 -0.185937 -0.174158 -0.161968 -0.149529
-0.136996 -0.124514 -0.112218 -0.100232 -0.088668
-0.077626 -0.067190 -0.057435 -0.048418 -0.040185
-0.032768 -0.026184 -0.020441 -0.015533 -0.011442
-0.008142 -0.005597 -0.003763 -0.002589 -0.002017
-0.001987 -0.002434 -0.003291 -0.004489 -0.005961
-0.007640 -0.009460 -0.011361 -0.013284 -0.015176
-0.016987 -0.018675 -0.020202 -0.021539 -0.022659
-0.023544 -0.024183 -0.024568 -0.024700 -0.024584
-0.024229 -0.023650 -0.022865 -0.021897 -0.020769
-0.019509 -0.018145 -0.016705 -0.015219 -0.013717
-0.012225 -0.010771 -0.009380 -0.008073 -0.006871
-0.005791 -0.004845 -0.004046 -0.003400 -0.002911
-0.002579 -0.002401 -0.002373 -0.002486 -0.002727
-0.003086 -0.003545 -0.004089 -0.004700 -0.005359
-0.006047 -0.006746 -0.007438 -0.008103 -0.008727
-0.009293 -0.009787 -0.010199 -0.010518 -0.010736
-0.010849 -0.010852 -0.010746 -0.010531 -0.010211
-0.009791 -0.009280 -0.008686 -0.008019 -0.007292
-0.006517 -0.005707 -0.004877 -0.004040 -0.003210
-0.002401 -0.001625 -0.000894 -0.000219 0.000390
0.000926 0.001383 0.001754 0.002037 0.002231
0.002335 0.002351 0.002284 0.002138 0.001918
0.001634 0.001293 0.000904 0.000479 0.000026
-0.000442 -0.000916 -0.001384 -0.001836 -0.002264
-0.002657 -0.003007 -0.003309 -0.003555 -0.003742
-0.003865 -0.003923 -0.003916 -0.003843 -0.003707
-0.003510 -0.003258 -0.002955 -0.002607 -0.002222
-0.001807 -0.001369 -0.000918 -0.000461 -0.000008
0.000435 0.000858 0.001255 0.001619 0.001945
0.002226 0.002458 0.002640 0.002768 0.002841
0.002860 0.002826 0.002739 0.002605 0.002426
0.002207 0.001954 0.001672 0.001368 0.001048
0.000720 0.000390 0.000064 -0.000249 -0.000545
-0.000817 -0.001060 -0.001270 -0.001442 -0.010625
-0.010941 -0.011226 -0.011475 -0.011684 -0.011850
-0.011969 -0.012042 -0.012066 -0.012042 -0.011972
-0.011858 -0.011702 -0.011509 -0.011283 -0.011031
-0.010758 -0.010472 -0.010178 -0.009886 -0.009602
-0.009334 -0.009089 -0.008876 -0.008699 -0.008566
-0.008482 -0.008451 -0.008477 -0.008563 -0.008709
-0.008917 -0.009186 -0.009512 -0.009894 -0.010327
-0.010805 -0.011322 -0.011871 -0.012444 -0.013032
-0.013626 -0.014216 -0.014794 -0.015350 -0.015875
-0.016360 -0.016797 -0.017180 -0.017501 -0.017756
-0.017941 -0.018053 -0.018092 -0.018058 -0.017952
-0.017778 -0.017542 -0.017248 -0.016905 -0.016523
-0.016109 -0.015676 -0.015235 -0.014798 -0.014378
-0.013985 -0.013634 -0.013335 -0.013099 -0.012937
-0.012858 -0.012869 -0.012977 -0.013186 -0.013499
-0.013917 -0.014439 -0.015063 -0.015782 -0.016590
-0.017479 -0.018439 -0.019457 -0.020520 -0.021614
-0.022724 -0.023834 -0.024929 -0.025993 -0.027010
-0.027965 -0.028845 -0.029638 -0.030332 -0.030919
-0.031393 -0.031749 -0.031985 -0.032102 -0.032103
-0.031996 -0.031788 -0.031491 -0.031120 -0.030691
-0.030222 -0.029733 -0.029245 -0.028781 -0.028365
-0.028018 -0.027765 -0.027626 -0.027623 -0.027775
-0.028098 -0.028607 -0.029311 -0.030219 -0.031335
-0.032657 -0.034181 -0.035899 -0.037796 -0.039855
-0.042054 -0.044367 -0.046764 -0.049212 -0.051675
-0.054114 -0.056489 -0.058760 -0.060885 -0.062824
-0.064535 -0.065984 -0.067134 -0.067956 -0.068425
-0.068520 -0.068229 -0.067544 -0.066467 -0.065008
-0.063184 -0.061025 -0.058565 -0.055851 -0.052938
-0.049892 -0.046784 -0.043697 -0.040720 -0.037948
-0.035484 -0.033433 -0.031907 -0.031018 -0.030881
-0.031607 -0.033309 -0.036094 -0.040065 -0.045318
-0.051940 -0.060009 -0.069591 -0.080739 -0.093493
-0.107877 -0.123898 -0.141548 -0.160799 -0.181605
-0.203903 -0.227609 -0.252622 -0.278821 -0.306070
-0.334213 -0.363079 -0.392484 -0.422229 -0.452103
-0.481886 -0.511348 -0.540256 -0.568370 -0.595451
-0.621257 -0.645552 -0.668104 -0.688688 -0.707089
-0.723104 -0.736544 -0.747234 -0.755018 -0.759760
-0.761342 -0.759671 -0.754672 -0.746298 -0.734523
-0.719346 -0.700791 -0.678904 -0.653755 -0.625437
-0.594066 -0.559774 -0.522717 -0.483066 -0.441008
-0.396744 -0.350487 -0.302461 -0.252897 -0.202031
-0.150104 -0.097357 -0.044033 0.009631 0.063398
0.117042 0.170341 0.223084 0.275070 0.326109
0.376026 0.424656 0.471850 0.517472 0.561400
0.603528 0.643762 0.682021 0.718239 0.752359
0.784338 0.814142 0.841746 0.867134 0.890296
0.911227 0.929928 0.946403 0.960658 0.972702
0.982542 0.990185 0.995640 0.998910 1.000000
0.998910 0.995640 0.990185 0.982542 0.972702
0.960658 0.946403 0.929928 0.911227 0.890296
0.867134 0.841746 0.814142 0.784338 0.752359
0.718239 0.682021 0.643762 0.603528 0.561400
0.517472 0.471850 0.424656 0.376026 0.326109
0.275070 0.223084 0.170341 0.117042 0.063398
0.009631 -0.044033 -0.097357 -0.150104 -0.202031
-0.252897 -0.302461 -0.350487 -0.396744 -0.441008
-0.483066 -0.522717 -0.559774 -0.594066 -0.625437
-0.653755 -0.678904 -0.700791 -0.719346 -0.734523
-0.746298 -0.754672 -0.759671 -0.761342 -0.759760
-0.755018 -0.747234 -0.736544 -0.723104 -0.707089
-0.688688 -0.668104 -0.645552 -0.621257 -0.595451
-0.568370 -0.540256 -0.511348 -0.481886 -0.452103
-0.422229 -0.392484 -0.363079 -0.334213 -0.306070
-0.278821 -0.252622 -0.227609 -0.203903 -0.181605
-0.160799 -0.141548 -0.123898 -0.107877 -0.093493
-0.080739 -0.069591 -0.060009 -0.051940 -0.045318
-0.040065 -0.036094 -0.033309 -0.031607 -0.030881
-0.031018 -0.031907 -0.033433 -0.035484 -0.037948
-0.040720 -0.043697 -0.046784 -0.049892 -0.052938
-0.055851 -0.058565 -0.061025 -0.063184 -0.065008
-0.066467 -0.067544 -0.068229 -0.068520 -0.068425
-0.067956 -0.067134 -0.065984 -0.064535 -0.062824
-0.060885 -0.058760 -0.056489 -0.054114 -0.051675
-0.049212 -0.046764 -0.044367 -0.042054 -0.039855
-0.037796 -0.035899 -0.034181 -0.032657 -0.031335
-0.030219 -0.029311 -0.028607 -0.028098 -0.027775
-0.027623 -0.027626 -0.027765 -0.028018 -0.028365
-0.028781 -0.029245 -0.029733 -0.030222 -0.030691
-0.031120 -0.031491 -0.031788 -0.031996 -0.032103
-0.032102 -0.031985 -0.031749 -0.031393 -0.030919
-0.030332 -0.029638 -0.028845 -0.027965 -0.027010
-0.025993 -0.024929 -0.023834 -0.022724 -0.021614
-0.020520 -0.019457 -0.018439 -0.017479 -0.016590
-0.015782 -0.015063 -0.014439 -0.013917 -0.013499
-0.013186 -0.012977 -0.012869 -0.012858 -0.012937
-0.013099 -0.013335 -0.013634 -0.013985 -0.014378
-0.014798 -0.015235 -0.015676 -0.016109 -0.016523
-0.016905 -0.017248 -0.017542 -0.017778 -0.017952
-0.018058 -0.018092 -0.018053 -0.017941 -0.017756
-0.017501 -0.017180 -0.016797 -0.016360 -0.015875
-0.015350 -0.014794 -0.014216 -0.013626 -0.013032
-0.012444 -0.011871 -0.011322 -0.010805 -0.010327
-0.009894 -0.009512 -0.009186 -0.008917 -0.008709
-0.008563 -0.008477 -0.008451 -0.008482 -0.008566
-0.008699 -0.008876 -0.009089 -0.009334 -0.009602
-0.009886 -0.010178 -0.010472 -0.010758 -0.011031
-0.011283 -0.011509 -0.011702 -0.011858 -0.011972
-0.012042 -0.012066 -0.012042 -0.011969 -0.011850
-0.011684 -0.011475 -0.011226 -0.010941 -0.010625
-0.010283 0.999943 0.999940 0.999937 0.999934
0.999932 0.999930 0.999928 0.999927 0.999927
0.999927 0.999927 0.999928 0.999929 0.999931
0.999933 0.999935 0.999938 0.999941 0.999944
0.999947 0.999950 0.999953 0.999956 0.999959
0.999961 0.999963 0.999964 0.999964 0.999964
0.999963 0.999962 0.999959 0.999956 0.999952
0.999948 0.999942 0.999936 0.999930 0.999923
0.999915 0.999907 0.999899 0.999891 0.999884
0.999876 0.999869 0.999862 0.999855 0.999850
0.999845 0.999841 0.999839 0.999837 0.999836
0.999837 0.999838 0.999841 0.999845 0.999849
0.999855 0.999861 0.999867 0.999874 0.999881
0.999888 0.999895 0.999901 0.999907 0.999911
0.999914 0.999916 0.999916 0.999914 0.999911
0.999905 0.999897 0.999887 0.999875 0.999860
0.999843 0.999825 0.999804 0.999782 0.999759
0.999734 0.999709 0.999683 0.999657 0.999632
0.999607 0.999583 0.999561 0.999541 0.999523
0.999507 0.999494 0.999484 0.999478 0.999474
0.999474 0.999476 0.999482 0.999490 0.999500
0.999513 0.999526 0.999540 0.999555 0.999568
0.999580 0.999589 0.999596 0.999598 0.999595
0.999586 0.999570 0.999547 0.999516 0.999476
0.999427 0.999369 0.999302 0.999225 0.999140
0.999046 0.998944 0.998835 0.998721 0.998603
0.998483 0.998362 0.998242 0.998126 0.998015
0.997912 0.997820 0.997741 0.997676 0.997629
0.997600 0.997592 0.997605 0.997640 0.997698
0.997779 0.997879 0.997999 0.998134 0.998282
0.998436 0.998591 0.998739 0.998872 0.998979
0.999050 0.999071 0.999027 0.998904 0.998683
0.998345 0.997872 0.997239 0.996426 0.995407
0.994157 0.992650 0.990857 0.988752 0.986305
0.983487 0.980269 0.976622 0.972515 0.967921
0.962811 0.957158 0.950937 0.944121 0.936689
0.928620 0.919894 0.910495 0.900409 0.889624
0.878134 0.865932 0.853017 0.839392 0.825062
0.810036 0.794327 0.777952 0.760932 0.743291
0.725058 0.706264 0.686945 0.667140 0.646890
0.626242 0.605242 0.583941 0.562392 0.540649
0.518768 0.496807 0.474823 0.452875 0.431022
0.409323 0.387835 0.366614 0.345716 0.325195
0.305102 0.285484 0.266388 0.247857 0.229929
0.212640 0.196021 0.180100 0.164899 0.150438
0.136729 0.123783 0.111606 0.100196 0.089552
0.079664 0.070521 0.062106 0.054401 0.047381
0.041021 0.035292 0.030163 0.025599 0.021566
0.018028 0.014948 0.012287 0.010009 0.008076
0.006451 0.005100 0.003990 0.003088 0.002365
0.001796 0.001355 0.001024 0.000784 0.000622
0.000529 0.000499 0.000529 0.000622 0.000784
0.001024 0.001355 0.001796 0.002365 0.003088
0.003990 0.005100 0.006451 0.008076 0.010009
0.012287 0.014948 0.018028 0.021566 0.025599
0.030163 0.035292 0.041021 0.047381 0.054401
0.062106 0.070521 0.079664 0.089552 0.100196
0.111606 0.123783 0.136729 0.150438 0.164899
0.180100 0.196021 0.212640 0.229929 0.247857
0.266388 0.285484 0.305102 0.325195 0.345716
0.366614 0.387835 0.409323 0.431022 0.452875
0.474823 0.496807 0.518768 0.540649 0.562392
0.583941 0.605242 0.626242 0.646890 0.667140
0.686945 0.706264 0.725058 0.743291 0.760932
0.777952 0.794327 0.810036 0.825062 0.839392
0.853017 0.865932 0.878134 0.889624 0.900409
0.910495 0.919894 0.928620 0.936689 0.944121
0.950937 0.957158 0.962811 0.967921 0.972515
0.976622 0.980269 0.983487 0.986305 0.988752
0.990857 0.992650 0.994157 0.995407 0.996426
0.997239 0.997872 0.998345 0.998683 0.998904
0.999027 0.999071 0.999050 0.998979 0.998872
0.998739 0.998591 0.998436 0.998282 0.998134
0.997999 0.997879 0.997779 0.997698 0.997640
0.997605 0.997592 0.997600 0.997629 0.997676
0.997741 0.997820 0.997912 0.998015 0.998126
0.998242 0.998362 0.998483 0.998603 0.998721
0.998835 0.998944 0.999046 0.999140 0.999225
0.999302 0.999369 0.999427 0.999476 0.999516
0.999547 0.999570 0.999586 0.999595 0.999598
0.999596 0.999589 0.999580 0.999568 0.999555
0.999540 0.999526 0.999513 0.999500 0.999490
0.999482 0.999476 0.999474 0.999474 0.999478
0.999484 0.999494 0.999507 0.999523 0.999541
0.999561 0.999583 0.999607 0.999632 0.999657
0.999683 0.999709 0.999734 0.999759 0.999782
0.999804 0.999825 0.999843 0.999860 0.999875
0.999887 0.999897 0.999905 0.999911 0.999914
0.999916 0.999916 0.999914 0.999911 0.999907
0.999901 0.999895 0.999888 0.999881 0.999874
0.999867 0.999861 0.999855 0.999849 0.999845
0.999841 0.999838 0.999837 0.999836 0.999837
0.999839 0.999841 0.999845 0.999850 0.999855
0.999862 0.999869 0.999876 0.999884 0.999891
0.999899 0.999907 0.999915 0.999923 0.999930
0.999936 0.999942 0.999948 0.999952 0.999956
0.999959 0.999962 0.999963 0.999964 0.999964
0.999964 0.999963 0.999961 0.999959 0.999956
0.999953 0.999950 0.999947 0.999944 0.999941
0.999938 0.999935 0.999933 0.999931 0.999929
0.999928 0.999927 0.999927 0.999927 0.999927
0.999928 0.999930 0.999932 0.999934 0.999937
0.999940 0.999943 0.999946 0.005153 0.005438
0.005701 0.005939 0.006146 0.006319 0.006454
0.006549 0.006601 0.006610 0.006576 0.006499
0.006381 0.006225 0.006035 0.005814 0.005568
0.005303 0.005025 0.004743 0.004463 0.004193
0.003941 0.003715 0.003523 0.003373 0.003271
0.003222 0.003234 0.003309 0.003451 0.003663
0.003944 0.004294 0.004711 0.005192 0.005732
0.006324 0.006960 0.007633 0.008333 0.009048
0.009768 0.010480 0.011173 0.011834 0.012452
0.013015 0.013513 0.013936 0.014275 0.014523
0.014677 0.014731 0.014685 0.014540 0.014299
0.013968 0.013554 0.013067 0.012520 0.011927
0.011305 0.010670 0.010042 0.009441 0.008888
0.008404 0.008009 0.007724 0.007568 0.007559
0.007712 0.008042 0.008559 0.009271 0.010182
0.011294 0.012603 0.014103 0.015782 0.017626
0.019616 0.021729 0.023941 0.026222 0.028541
0.030865 0.033160 0.035389 0.037517 0.039511
0.041337 0.042965 0.044367 0.045521 0.046408
0.047017 0.047340 0.047379 0.047142 0.046645
0.045911 0.044973 0.043870 0.042651 0.041370
0.040089 0.038877 0.037805 0.036949 0.036390
0.036206 0.036476 0.037278 0.038683 0.040758
0.043561 0.047141 0.051532 0.056759 0.062828
0.069730 0.077437 0.085901 0.095056 0.104815
0.115070 0.125693 0.136539 0.147444 0.158229
0.168700 0.178657 0.187889 0.196186 0.203340
0.209151 0.213430 0.216013 0.216759 0.215563
0.212360 0.207135 0.199933 0.190860 0.180099
0.167914 0.154658 0.140781 0.126838 0.113495
0.101535 0.091864 0.085513 0.083645 0.087555
0.098672 0.118560 0.148915 0.191562 0.248453
0.321659 0.413366 0.525862 0.661528 0.822830
1.012300 1.232524 1.486126 1.775751 2.104045
2.473635 2.887110 3.347000 3.855751 4.415708
5.029087 5.697956 6.424211 7.209555 8.055478
8.963235 9.933825 10.967978 12.066135 13.228436
14.454703 15.744434 17.096792 18.510602 19.984344
21.516154 23.103828 24.744822 26.436266 28.174968
29.957434 31.779877 33.638242 35.528223 37.445290
39.384711 41.341583 43.310863 45.287394 47.265944
49.241236 51.207987 53.160936 55.094886 57.004736
58.885518 60.732428 62.540862 64.306443 66.025057
67.692873 69.306377 70.862387 72.358075 73.790988
75.159057 76.460609 77.694373 78.859485 79.955488
80.982324 81.940331 82.830231 83.653114 84.410420
85.103920 85.735689 86.308081 86.823702 87.285374
87.696101 88.059042 88.377463 88.654711 88.894167
89.099215 89.273201 89.419396 89.540960 89.640910
89.722084 89.787109 89.838377 89.878015 89.907864
89.929456 89.944003 89.952380 89.955113 89.952380
89.944003 89.929456 89.907864 89.878015 89.838377
89.787109 89.722084 89.640910 89.540960 89.419396
89.273201 89.099215 88.894167 88.654711 88.377463
88.059042 87.696101 87.285374 86.823702 86.308081
85.735689 85.103920 84.410420 83.653114 82.830231
81.940331 80.982324 79.955488 78.859485 77.694373
76.460609 75.159057 73.790988 72.358075 70.862387
69.306377 67.692873 66.025057 64.306443 62.540862
60.732428 58.885518 57.004736 55.094886 53.160936
51.207987 49.241236 47.265944 45.287394 43.310863
41.341583 39.384711 37.445290 35.528223 33.638242
31.779877 29.957434 28.174968 26.436266 24.744822
23.103828 21.516154 19.984344 18.510602 17.096792
15.744434 14.454703 13.228436 12.066135 10.967978
9.933825 8.963235 8.055478 7.209555 6.424211
5.697956 5.029087 4.415708 3.855751 3.347000
2.887110 2.473635 2.104045 1.775751 1.486126
1.232524 1.012300 0.822830 0.661528 0.525862
0.413366 0.321659 0.248453 0.191562 0.148915
0.118560 0.098672 0.087555 0.083645 0.085513
0.091864 0.101535 0.113495 0.126838 0.140781
0.154658 0.167914 0.180099 0.190860 0.199933
0.207135 0.212360 0.215563 0.216759 0.216013
0.213430 0.209151 0.203340 0.196186 0.187889
0.178657 0.168700 0.158229 0.147444 0.136539
0.125693 0.115070 0.104815 0.095056 0.085901
0.077437 0.069730 0.062828 0.056759 0.051532
0.047141 0.043561 0.040758 0.038683 0.037278
0.036476 0.036206 0.036390 0.036949 0.037805
0.038877 0.040089 0.041370 0.042651 0.043870
0.044973 0.045911 0.046645 0.047142 0.047379
0.047340 0.047017 0.046408 0.045521 0.044367
0.042965 0.041337 0.039511 0.037517 0.035389
0.033160 0.030865 0.028541 0.026222 0.023941
0.021729 0.019616 0.017626 0.015782 0.014103
0.012603 0.011294 0.010182 0.009271 0.008559
0.008042 0.007712 0.007559 0.007568 0.007724
0.008009 0.008404 0.008888 0.009441 0.010042
0.010670 0.011305 0.011927 0.012520 0.013067
0.013554 0.013968 0.014299 0.014540 0.014685
0.014731 0.014677 0.014523 0.014275 0.013936
0.013513 0.013015 0.012452 0.011834 0.011173
0.010480 0.009768 0.009048 0.008333 0.007633
0.006960 0.006324 0.005732 0.005192 0.004711
0.004294 0.003944 0.003663 0.003451 0.003309
0.003234 0.003222 0.003271 0.003373 0.003523
0.003715 0.003941 0.004193 0.004463 0.004743
0.005025 0.005303 0.005568 0.005814 0.006035
0.006225 0.006381 0.006499 0.006576 0.006610
0.006601 0.006549 0.006454 0.006319 0.006146
0.005939 0.005701 0.005438 0.005153 0.004852
