66.000000
-138.000000
-359.000000
-595.000000
-845.000000
-1107.000000
-1378.000000
-1658.000000
-1943.000000
-2230.000000
-2517.000000
-2800.000000
-3076.000000
-3341.000000
-3592.000000
-3824.000000
-4034.000000
-4217.000000
-4370.000000
-4488.000000
-4567.000000
-4602.000000
-4591.000000
-4530.000000
-4414.000000
-4240.000000
-4007.000000
-3710.000000
-3348.000000
-2918.000000
-2421.000000
-1853.000000
-1216.000000
-510.000000
266.000000
1110.000000
2019.000000
2991.000000
4024.000000
5114.000000
6256.000000
7446.000000
8678.000000
9947.000000
11247.000000
12571.000000
13911.000000
15262.000000
16614.000000
17960.000000
19293.000000
20604.000000
21885.000000
23129.000000
24326.000000
25471.000000
26554.000000
27570.000000
28511.000000
29371.000000
30144.000000
30826.000000
31410.000000
31894.000000
32274.000000
32547.000000
32712.000000
32767.000000
32712.000000
32547.000000
32274.000000
31894.000000
31410.000000
30826.000000
30144.000000
29371.000000
28511.000000
27570.000000
26554.000000
25471.000000
24326.000000
23129.000000
21885.000000
20604.000000
19293.000000
17953.500000
16614.000000
15262.000000
13911.000000
12571.000000
11247.000000
9947.000000
8678.000000
7446.000000
6256.000000
5114.000000
4024.000000
2991.000000
2019.000000
1110.000000
266.000000