    0.2004
    0.1990
    0.1969
    0.1943
    0.1911
    0.1874
    0.1831
    0.1782
    0.1729
    0.1670
    0.1607
    0.1539
    0.1467
    0.1392
    0.1313
    0.1231
    0.1147
    0.1062
    0.0975
    0.0887
    0.0800
    0.0713
    0.0627
    0.0544
    0.0464
    0.0387
    0.0315
    0.0248
    0.0187
    0.0133
    0.0087
    0.0050
    0.0023
    0.0006
    0.0000
    0.0007
    0.0026
    0.0060
    0.0108
    0.0172
    0.0252
    0.0349
    0.0464
    0.0597
    0.0749
    0.0920
    0.1112
    0.1323
    0.1556
    0.1809
    0.2084
    0.2380
    0.2697
    0.3036
    0.3396
    0.3778
    0.4180
    0.4602
    0.5045
    0.5507
    0.5987
    0.6486
    0.7002
    0.7533
    0.8080
    0.8641
    0.9214
    0.9798
    1.0392
    1.0995
    1.1603
    1.2217
    1.2833
    1.3451
    1.4067
    1.4681
    1.5290
    1.5891
    1.6483
    1.7063
    1.7630
    1.8180
    1.8711
    1.9221
    1.9709
    2.0170
    2.0604
    2.1007
    2.1379
    2.1715
    2.2015
    2.2277
    2.2498
    2.2676
    2.2811
    2.2899
    2.2941
    2.2934
    2.2878
    2.2772
    2.2615
    2.2406
    2.2145
    2.1832
    2.1468
    2.1052
    2.0586
    2.0070
    1.9505
    1.8895
    1.8239
    1.7541
    1.6803
    1.6027
    1.5218
    1.4379
    1.3513
    1.2625
    1.1720
    1.0802
    0.9878
    0.8953
    0.8032
    0.7124
    0.6234
    0.5370
    0.4539
    0.3750
    0.3011
    0.2331
    0.1719
    0.1184
    0.0735
    0.0384
    0.0141
    0.0015
    0.0019
    0.0162
    0.0457
    0.0915
    0.1548
    0.2368
    0.3388
    0.4618
    0.6073
    0.7764
    0.9703
    1.1904
    1.4380
    1.7142
    2.0203
    2.3575
    2.7272
    3.1305
    3.5686
    4.0427
    4.5540
    5.1037
    5.6927
    6.3222
    6.9933
    7.7069
    8.4639
    9.2654
   10.1122
   11.0051
   11.9448
   12.9320
   13.9675
   15.0517
   16.1853
   17.3686
   18.6020
   19.8859
   21.2204
   22.6057
   24.0420
   25.5291
   27.0669
   28.6554
   30.2943
   31.9831
   33.7215
   35.5088
   37.3446
   39.2281
   41.1584
   43.1347
   45.1559
   47.2211
   49.3290
   51.4783
   53.6676
   55.8956
   58.1607
   60.4613
   62.7956
   65.1618
   67.5581
   69.9824
   72.4328
   74.9072
   77.4032
   79.9187
   82.4514
   84.9987
   87.5584
   90.1278
   92.7043
   95.2854
   97.8684
  100.4506
  103.0292
  105.6014
  108.1644
  110.7154
  113.2516
  115.7700
  118.2677
  120.7419
  123.1897
  125.6082
  127.9945
  130.3457
  132.6591
  134.9317
  137.1607
  139.3435
  141.4773
  143.5595
  145.5873
  147.5582
  149.4698
  151.3195
  153.1049
  154.8238
  156.4740
  158.0532
  159.5593
  160.9905
  162.3448
  163.6205
  164.8157
  165.9290
  166.9588
  167.9038
  168.7626
  169.5343
  170.2176
  170.8116
  171.3157
  171.7290
  172.0511
  172.2815
  172.4198
  172.4659
  172.4198
  172.2815
  172.0511
  171.7290
  171.3157
  170.8116
  170.2176
  169.5343
  168.7626
  167.9038
  166.9588
  165.9290
  164.8157
  163.6205
  162.3448
  160.9905
  159.5593
  158.0532
  156.4740
  154.8238
  153.1049
  151.3195
  149.4698
  147.5582
  145.5873
  143.5595
  141.4773
  139.3435
  137.1607
  134.9317
  132.6591
  130.3457
  127.9945
  125.6082
  123.1897
  120.7419
  118.2677
  115.7700
  113.2516
  110.7154
  108.1644
  105.6014
  103.0292
  100.4506
   97.8684
   95.2854
   92.7043
   90.1278
   87.5584
   84.9987
   82.4514
   79.9187
   77.4032
   74.9072
   72.4328
   69.9824
   67.5581
   65.1618
   62.7956
   60.4613
   58.1607
   55.8956
   53.6676
   51.4783
   49.3290
   47.2211
   45.1559
   43.1347
   41.1584
   39.2281
   37.3446
   35.5088
   33.7215
   31.9831
   30.2943
   28.6554
   27.0669
   25.5291
   24.0420
   22.6057
   21.2204
   19.8859
   18.6020
   17.3686
   16.1853
   15.0517
   13.9675
   12.9320
   11.9448
   11.0051
   10.1122
    9.2654
    8.4639
    7.7069
    6.9933
    6.3222
    5.6927
    5.1037
    4.5540
    4.0427
    3.5686
    3.1305
    2.7272
    2.3575
    2.0203
    1.7142
    1.4380
    1.1904
    0.9703
    0.7764
    0.6073
    0.4618
    0.3388
    0.2368
    0.1548
    0.0915
    0.0457
    0.0162
    0.0019
    0.0015
    0.0141
    0.0384
    0.0735
    0.1184
    0.1719
    0.2331
    0.3011
    0.3750
    0.4539
    0.5370
    0.6234
    0.7124
    0.8032
    0.8953
    0.9878
    1.0802
    1.1720
    1.2625
    1.3513
    1.4379
    1.5218
    1.6027
    1.6803
    1.7541
    1.8239
    1.8895
    1.9505
    2.0070
    2.0586
    2.1052
    2.1468
    2.1832
    2.2145
    2.2406
    2.2615
    2.2772
    2.2878
    2.2934
    2.2941
    2.2899
    2.2811
    2.2676
    2.2498
    2.2277
    2.2015
    2.1715
    2.1379
    2.1007
    2.0604
    2.0170
    1.9709
    1.9221
    1.8711
    1.8180
    1.7630
    1.7063
    1.6483
    1.5891
    1.5290
    1.4681
    1.4067
    1.3451
    1.2833
    1.2217
    1.1603
    1.0995
    1.0392
    0.9798
    0.9214
    0.8641
    0.8080
    0.7533
    0.7002
    0.6486
    0.5987
    0.5507
    0.5045
    0.4602
    0.4180
    0.3778
    0.3396
    0.3036
    0.2697
    0.2380
    0.2084
    0.1809
    0.1556
    0.1323
    0.1112
    0.0920
    0.0749
    0.0597
    0.0464
    0.0349
    0.0252
    0.0172
    0.0108
    0.0060
    0.0026
    0.0007
    0.0000
    0.0006
    0.0023
    0.0050
    0.0087
    0.0133
    0.0187
    0.0248
    0.0315
    0.0387
    0.0464
    0.0544
    0.0627
    0.0713
    0.0800
    0.0887
    0.0975
    0.1062
    0.1147
    0.1231
    0.1313
    0.1392
    0.1467
    0.1539
    0.1607
    0.1670
    0.1729
    0.1782
    0.1831
    0.1874
    0.1911
    0.1943
    0.1969
    0.1990
    0.2004
    0.2013