8.09E-01
1.63E+00
2.45E+00
3.27E+00
4.08E+00
4.89E+00
5.68E+00
6.45E+00
7.20E+00
7.92E+00
8.61E+00
9.26E+00
9.87E+00
1.04E+01
1.09E+01
1.14E+01
1.18E+01
1.21E+01
1.24E+01
1.26E+01
1.28E+01
1.28E+01
1.28E+01
1.27E+01
1.26E+01
1.24E+01
1.21E+01
1.17E+01
1.12E+01
1.07E+01
1.01E+01
9.41E+00
8.66E+00
7.85E+00
6.97E+00
6.04E+00
5.04E+00
4.00E+00
2.91E+00
1.77E+00
5.99E-01
-6.06E-01
-1.84E+00
-3.09E+00
-4.35E+00
-5.62E+00
-6.89E+00
-8.16E+00
-9.41E+00
-1.06E+01
-1.18E+01
-1.30E+01
-1.41E+01
-1.52E+01
-1.62E+01
-1.72E+01
-1.80E+01
-1.88E+01
-1.96E+01
-2.02E+01
-2.07E+01
-2.11E+01
-2.14E+01
-2.16E+01
-2.17E+01
-2.17E+01
-2.15E+01
-2.12E+01
-2.08E+01
-2.02E+01
-1.95E+01
-1.86E+01
-1.76E+01
-1.65E+01
-1.52E+01
-1.38E+01
-1.22E+01
-1.05E+01
-8.66E+00
-6.68E+00
-4.58E+00
-2.35E+00
-1.41E-14
2.47E+00
5.04E+00
7.73E+00
1.05E+01
1.34E+01
1.63E+01
1.94E+01
2.24E+01
2.56E+01
2.88E+01
3.20E+01
3.53E+01
3.86E+01
4.19E+01
4.52E+01
4.85E+01
5.18E+01
5.50E+01
5.82E+01
6.13E+01
6.44E+01
6.74E+01
7.04E+01
7.32E+01
7.60E+01
7.86E+01
8.11E+01
8.35E+01
8.57E+01
8.78E+01
8.98E+01
9.16E+01
9.32E+01
9.47E+01
9.60E+01
9.71E+01
9.81E+01
9.88E+01
9.94E+01
9.98E+01
1.00E+02
95.0
90.0
85.0
80.0
75.0
70.0
65.0
60.0
55.0
50.0
45.0
40.0
35.0
30.0
25.0
20.0
15.0
10.0
5.0
0.0




