-25.000000 -24.902153 -24.804305 -24.706458 -24.608611
-24.510763 -24.412916 -24.315068 -24.217221 -24.119374
-24.021526 -23.923679 -23.825832 -23.727984 -23.630137
-23.532290 -23.434442 -23.336595 -23.238748 -23.140900
-23.043053 -22.945205 -22.847358 -22.749511 -22.651663
-22.553816 -22.455969 -22.358121 -22.260274 -22.162427
-22.064579 -21.966732 -21.868885 -21.771037 -21.673190
-21.575342 -21.477495 -21.379648 -21.281800 -21.183953
-21.086106 -20.988258 -20.890411 -20.792564 -20.694716
-20.596869 -20.499022 -20.401174 -20.303327 -20.205479
-20.107632 -20.009785 -19.911937 -19.814090 -19.716243
-19.618395 -19.520548 -19.422701 -19.324853 -19.227006
-19.129159 -19.031311 -18.933464 -18.835616 -18.737769
-18.639922 -18.542074 -18.444227 -18.346380 -18.248532
-18.150685 -18.052838 -17.954990 -17.857143 -17.759295
-17.661448 -17.563601 -17.465753 -17.367906 -17.270059
-17.172211 -17.074364 -16.976517 -16.878669 -16.780822
-16.682975 -16.585127 -16.487280 -16.389432 -16.291585
-16.193738 -16.095890 -15.998043 -15.900196 -15.802348
-15.704501 -15.606654 -15.508806 -15.410959 -15.313112
-15.215264 -15.117417 -15.019569 -14.921722 -14.823875
-14.726027 -14.628180 -14.530333 -14.432485 -14.334638
-14.236791 -14.138943 -14.041096 -13.943249 -13.845401
-13.747554 -13.649706 -13.551859 -13.454012 -13.356164
-13.258317 -13.160470 -13.062622 -12.964775 -12.866928
-12.769080 -12.671233 -12.573386 -12.475538 -12.377691
-12.279843 -12.181996 -12.084149 -11.986301 -11.888454
-11.790607 -11.692759 -11.594912 -11.497065 -11.399217
-11.301370 -11.203523 -11.105675 -11.007828 -10.909980
-10.812133 -10.714286 -10.616438 -10.518591 -10.420744
-10.322896 -10.225049 -10.127202 -10.029354 -9.931507
-9.833659 -9.735812 -9.637965 -9.540117 -9.442270
-9.344423 -9.246575 -9.148728 -9.050881 -8.953033
-8.855186 -8.757339 -8.659491 -8.561644 -8.463796
-8.365949 -8.268102 -8.170254 -8.072407 -7.974560
-7.876712 -7.778865 -7.681018 -7.583170 -7.485323
-7.387476 -7.289628 -7.191781 -7.093933 -6.996086
-6.898239 -6.800391 -6.702544 -6.604697 -6.506849
-6.409002 -6.311155 -6.213307 -6.115460 -6.017613
-5.919765 -5.821918 -5.724070 -5.626223 -5.528376
-5.430528 -5.332681 -5.234834 -5.136986 -5.039139
-4.941292 -4.843444 -4.745597 -4.647750 -4.549902
-4.452055 -4.354207 -4.256360 -4.158513 -4.060665
-3.962818 -3.864971 -3.767123 -3.669276 -3.571429
-3.473581 -3.375734 -3.277886 -3.180039 -3.082192
-2.984344 -2.886497 -2.788650 -2.690802 -2.592955
-2.495108 -2.397260 -2.299413 -2.201566 -2.103718
-2.005871 -1.908023 -1.810176 -1.712329 -1.614481
-1.516634 -1.418787 -1.320939 -1.223092 -1.125245
-1.027397 -0.929550 -0.831703 -0.733855 -0.636008
-0.538160 -0.440313 -0.342466 -0.244618 -0.146771
-0.048924 0.048924 0.146771 0.244618 0.342466
0.440313 0.538160 0.636008 0.733855 0.831703
0.929550 1.027397 1.125245 1.223092 1.320939
1.418787 1.516634 1.614481 1.712329 1.810176
1.908023 2.005871 2.103718 2.201566 2.299413
2.397260 2.495108 2.592955 2.690802 2.788650
2.886497 2.984344 3.082192 3.180039 3.277886
3.375734 3.473581 3.571429 3.669276 3.767123
3.864971 3.962818 4.060665 4.158513 4.256360
4.354207 4.452055 4.549902 4.647750 4.745597
4.843444 4.941292 5.039139 5.136986 5.234834
5.332681 5.430528 5.528376 5.626223 5.724070
5.821918 5.919765 6.017613 6.115460 6.213307
6.311155 6.409002 6.506849 6.604697 6.702544
6.800391 6.898239 6.996086 7.093933 7.191781
7.289628 7.387476 7.485323 7.583170 7.681018
7.778865 7.876712 7.974560 8.072407 8.170254
8.268102 8.365949 8.463796 8.561644 8.659491
8.757339 8.855186 8.953033 9.050881 9.148728
9.246575 9.344423 9.442270 9.540117 9.637965
9.735812 9.833659 9.931507 10.029354 10.127202
10.225049 10.322896 10.420744 10.518591 10.616438
10.714286 10.812133 10.909980 11.007828 11.105675
11.203523 11.301370 11.399217 11.497065 11.594912
11.692759 11.790607 11.888454 11.986301 12.084149
12.181996 12.279843 12.377691 12.475538 12.573386
12.671233 12.769080 12.866928 12.964775 13.062622
13.160470 13.258317 13.356164 13.454012 13.551859
13.649706 13.747554 13.845401 13.943249 14.041096
14.138943 14.236791 14.334638 14.432485 14.530333
14.628180 14.726027 14.823875 14.921722 15.019569
15.117417 15.215264 15.313112 15.410959 15.508806
15.606654 15.704501 15.802348 15.900196 15.998043
16.095890 16.193738 16.291585 16.389432 16.487280
16.585127 16.682975 16.780822 16.878669 16.976517
17.074364 17.172211 17.270059 17.367906 17.465753
17.563601 17.661448 17.759295 17.857143 17.954990
18.052838 18.150685 18.248532 18.346380 18.444227
18.542074 18.639922 18.737769 18.835616 18.933464
19.031311 19.129159 19.227006 19.324853 19.422701
19.520548 19.618395 19.716243 19.814090 19.911937
20.009785 20.107632 20.205479 20.303327 20.401174
20.499022 20.596869 20.694716 20.792564 20.890411
20.988258 21.086106 21.183953 21.281800 21.379648
21.477495 21.575342 21.673190 21.771037 21.868885
21.966732 22.064579 22.162427 22.260274 22.358121
22.455969 22.553816 22.651663 22.749511 22.847358
22.945205 23.043053 23.140900 23.238748 23.336595
23.434442 23.532290 23.630137 23.727984 23.825832
23.923679 24.021526 24.119374 24.217221 24.315068
24.412916 24.510763 24.608611 24.706458 24.804305
24.902153 25.000000 0.034020 0.037532 0.041033
0.044512 0.047959 0.051361 0.054708 0.057988
0.061189 0.064301 0.067311 0.070210 0.072985
0.075626 0.078122 0.080463 0.082639 0.084640
0.086457 0.088081 0.089503 0.090714 0.091709
0.092478 0.093016 0.093317 0.093376 0.093187
0.092747 0.092052 0.091100 0.089888 0.088416
0.086683 0.084689 0.082434 0.079922 0.077155
0.074135 0.070868 0.067358 0.063610 0.059633
0.055432 0.051016 0.046395 0.041577 0.036572
0.031393 0.026051 0.020558 0.014927 0.009173
0.003309 -0.002650 -0.008689 -0.014791 -0.020940
-0.027120 -0.033314 -0.039503 -0.045671 -0.051799
-0.057870 -0.063865 -0.069766 -0.075554 -0.081211
-0.086719 -0.092060 -0.097214 -0.102166 -0.106896
-0.111388 -0.115625 -0.119591 -0.123268 -0.126643
-0.129699 -0.132423 -0.134801 -0.136820 -0.138467
-0.139733 -0.140605 -0.141074 -0.141132 -0.140771
-0.139983 -0.138764 -0.137108 -0.135011 -0.132472
-0.129488 -0.126060 -0.122187 -0.117873 -0.113121
-0.107933 -0.102317 -0.096279 -0.089827 -0.082970
-0.075717 -0.068081 -0.060075 -0.051711 -0.043004
-0.033971 -0.024628 -0.014993 -0.005085 0.005076
0.015470 0.026074 0.036867 0.047825 0.058924
0.070140 0.081447 0.092820 0.104233 0.115659
0.127070 0.138439 0.149739 0.160942 0.172020
0.182946 0.193690 0.204225 0.214524 0.224560
0.234304 0.243731 0.252814 0.261527 0.269845
0.277744 0.285200 0.292190 0.298691 0.304683
0.310145 0.315059 0.319405 0.323167 0.326330
0.328878 0.330799 0.332080 0.332712 0.332685
0.331991 0.330625 0.328582 0.325858 0.322453
0.318365 0.313598 0.308154 0.302038 0.295257
0.287818 0.279732 0.271009 0.261662 0.251706
0.241156 0.230030 0.218347 0.206127 0.193391
0.180163 0.166467 0.152329 0.137775 0.122834
0.107534 0.091906 0.075980 0.059789 0.043365
0.026741 0.009953 -0.006965 -0.023978 -0.041050
-0.058145 -0.075226 -0.092257 -0.109200 -0.126020
-0.142680 -0.159142 -0.175370 -0.191330 -0.206984
-0.222297 -0.237236 -0.251767 -0.265855 -0.279469
-0.292578 -0.305151 -0.317158 -0.328571 -0.339364
-0.349510 -0.358985 -0.367766 -0.375831 -0.383160
-0.389735 -0.395539 -0.400556 -0.404773 -0.408178
-0.410761 -0.412513 -0.413429 -0.413503 -0.412733
-0.411117 -0.408658 -0.405357 -0.401220 -0.396253
-0.390465 -0.383865 -0.376467 -0.368283 -0.359330
-0.349626 -0.339189 -0.328040 -0.316201 -0.303698
-0.290554 -0.276798 -0.262457 -0.247562 -0.232143
-0.216233 -0.199865 -0.183073 -0.165892 -0.148360
-0.130512 -0.112387 -0.094024 -0.075460 -0.056736
-0.037891 -0.018966 0.000000 0.018966 0.037891
0.056736 0.075460 0.094024 0.112387 0.130512
0.148360 0.165892 0.183073 0.199865 0.216233
0.232143 0.247562 0.262457 0.276798 0.290554
0.303698 0.316201 0.328040 0.339189 0.349626
0.359330 0.368283 0.376467 0.383865 0.390465
0.396253 0.401220 0.405357 0.408658 0.411117
0.412733 0.413503 0.413429 0.412513 0.410761
0.408178 0.404773 0.400556 0.395539 0.389735
0.383160 0.375831 0.367766 0.358985 0.349510
0.339364 0.328571 0.317158 0.305151 0.292578
0.279469 0.265855 0.251767 0.237236 0.222297
0.206984 0.191330 0.175370 0.159142 0.142680
0.126020 0.109200 0.092257 0.075226 0.058145
0.041050 0.023978 0.006965 -0.009953 -0.026741
-0.043365 -0.059789 -0.075980 -0.091906 -0.107534
-0.122834 -0.137775 -0.152329 -0.166467 -0.180163
-0.193391 -0.206127 -0.218347 -0.230030 -0.241156
-0.251706 -0.261662 -0.271009 -0.279732 -0.287818
-0.295257 -0.302038 -0.308154 -0.313598 -0.318365
-0.322453 -0.325858 -0.328582 -0.330625 -0.331991
-0.332685 -0.332712 -0.332080 -0.330799 -0.328878
-0.326330 -0.323167 -0.319405 -0.315059 -0.310145
-0.304683 -0.298691 -0.292190 -0.285200 -0.277744
-0.269845 -0.261527 -0.252814 -0.243731 -0.234304
-0.224560 -0.214524 -0.204225 -0.193690 -0.182946
-0.172020 -0.160942 -0.149739 -0.138439 -0.127070
-0.115659 -0.104233 -0.092820 -0.081447 -0.070140
-0.058924 -0.047825 -0.036867 -0.026074 -0.015470
-0.005076 0.005085 0.014993 0.024628 0.033971
0.043004 0.051711 0.060075 0.068081 0.075717
0.082970 0.089827 0.096279 0.102317 0.107933
0.113121 0.117873 0.122187 0.126060 0.129488
0.132472 0.135011 0.137108 0.138764 0.139983
0.140771 0.141132 0.141074 0.140605 0.139733
0.138467 0.136820 0.134801 0.132423 0.129699
0.126643 0.123268 0.119591 0.115625 0.111388
0.106896 0.102166 0.097214 0.092060 0.086719
0.081211 0.075554 0.069766 0.063865 0.057870
0.051799 0.045671 0.039503 0.033314 0.027120
0.020940 0.014791 0.008689 0.002650 -0.003309
-0.009173 -0.014927 -0.020558 -0.026051 -0.031393
-0.036572 -0.041577 -0.046395 -0.051016 -0.055432
-0.059633 -0.063610 -0.067358 -0.070868 -0.074135
-0.077155 -0.079922 -0.082434 -0.084689 -0.086683
-0.088416 -0.089888 -0.091100 -0.092052 -0.092747
-0.093187 -0.093376 -0.093317 -0.093016 -0.092478
-0.091709 -0.090714 -0.089503 -0.088081 -0.086457
-0.084640 -0.082639 -0.080463 -0.078122 -0.075626
-0.072985 -0.070210 -0.067311 -0.064301 -0.061189
-0.057988 -0.054708 -0.051361 -0.047959 -0.044512
-0.041033 -0.037532 -0.034020 -0.030509 -0.002333
-0.003643 -0.005157 -0.006877 -0.008803 -0.010935
-0.013272 -0.015813 -0.018555 -0.021496 -0.024633
-0.027962 -0.031478 -0.035175 -0.039048 -0.043090
-0.047295 -0.051654 -0.056159 -0.060802 -0.065573
-0.070462 -0.075458 -0.080551 -0.085730 -0.090982
-0.096295 -0.101658 -0.107056 -0.112477 -0.117907
-0.123334 -0.128741 -0.134117 -0.139446 -0.144715
-0.149909 -0.155013 -0.160014 -0.164898 -0.169651
-0.174258 -0.178706 -0.182982 -0.187074 -0.190967
-0.194651 -0.198112 -0.201341 -0.204326 -0.207056
-0.209523 -0.211717 -0.213629 -0.215253 -0.216581
-0.217607 -0.218326 -0.218733 -0.218824 -0.218598
-0.218051 -0.217183 -0.215994 -0.214485 -0.212658
-0.210515 -0.208061 -0.205300 -0.202238 -0.198881
-0.195239 -0.191318 -0.187130 -0.182685 -0.177994
-0.173069 -0.167926 -0.162577 -0.157037 -0.151324
-0.145453 -0.139443 -0.133311 -0.127077 -0.120760
-0.114381 -0.107960 -0.101518 -0.095078 -0.088662
-0.082291 -0.075990 -0.069781 -0.063688 -0.057734
-0.051942 -0.046337 -0.040941 -0.035779 -0.030873
-0.026246 -0.021922 -0.017922 -0.014270 -0.010985
-0.008090 -0.005604 -0.003548 -0.001940 -0.000799
-0.000142 0.000014 -0.000346 -0.001238 -0.002674
-0.004667 -0.007230 -0.010371 -0.014100 -0.018425
-0.023353 -0.028888 -0.035036 -0.041797 -0.049174
-0.057167 -0.065773 -0.074990 -0.084814 -0.095237
-0.106255 -0.117856 -0.130032 -0.142771 -0.156059
-0.169883 -0.184227 -0.199073 -0.214404 -0.230199
-0.246438 -0.263099 -0.280159 -0.297593 -0.315375
-0.333480 -0.351880 -0.370546 -0.389449 -0.408560
-0.427848 -0.447281 -0.466828 -0.486455 -0.506131
-0.525822 -0.545494 -0.565114 -0.584647 -0.604060
-0.623318 -0.642389 -0.661237 -0.679830 -0.698135
-0.716119 -0.733750 -0.750995 -0.767825 -0.784208
-0.800116 -0.815520 -0.830392 -0.844706 -0.858436
-0.871557 -0.884047 -0.895883 -0.907045 -0.917514
-0.927272 -0.936302 -0.944591 -0.952124 -0.958890
-0.964879 -0.970082 -0.974494 -0.978108 -0.980923
-0.982936 -0.984148 -0.984560 -0.984177 -0.983005
-0.981050 -0.978321 -0.974829 -0.970588 -0.965610
-0.959912 -0.953511 -0.946426 -0.938677 -0.930287
-0.921279 -0.911678 -0.901509 -0.890801 -0.879582
-0.867881 -0.855730 -0.843161 -0.830205 -0.816898
-0.803273 -0.789365 -0.775210 -0.760845 -0.746306
-0.731630 -0.716854 -0.702017 -0.687155 -0.672306
-0.657509 -0.642799 -0.628215 -0.613792 -0.599568
-0.585578 -0.571856 -0.558439 -0.545358 -0.532648
-0.520339 -0.508463 -0.497049 -0.486126 -0.475721
-0.465860 -0.456568 -0.447868 -0.439782 -0.432330
-0.425530 -0.419400 -0.413954 -0.409206 -0.405169
-0.401852 -0.399264 -0.397410 -0.396296 -0.395925
-0.396296 -0.397410 -0.399264 -0.401852 -0.405169
-0.409206 -0.413954 -0.419400 -0.425530 -0.432330
-0.439782 -0.447868 -0.456568 -0.465860 -0.475721
-0.486126 -0.497049 -0.508463 -0.520339 -0.532648
-0.545358 -0.558439 -0.571856 -0.585578 -0.599568
-0.613792 -0.628215 -0.642799 -0.657509 -0.672306
-0.687155 -0.702017 -0.716854 -0.731630 -0.746306
-0.760845 -0.775210 -0.789365 -0.803273 -0.816898
-0.830205 -0.843161 -0.855730 -0.867881 -0.879582
-0.890801 -0.901509 -0.911678 -0.921279 -0.930287
-0.938677 -0.946426 -0.953511 -0.959912 -0.965610
-0.970588 -0.974829 -0.978321 -0.981050 -0.983005
-0.984177 -0.984560 -0.984148 -0.982936 -0.980923
-0.978108 -0.974494 -0.970082 -0.964879 -0.958890
-0.952124 -0.944591 -0.936302 -0.927272 -0.917514
-0.907045 -0.895883 -0.884047 -0.871557 -0.858436
-0.844706 -0.830392 -0.815520 -0.800116 -0.784208
-0.767825 -0.750995 -0.733750 -0.716119 -0.698135
-0.679830 -0.661237 -0.642389 -0.623318 -0.604060
-0.584647 -0.565114 -0.545494 -0.525822 -0.506131
-0.486455 -0.466828 -0.447281 -0.427848 -0.408560
-0.389449 -0.370546 -0.351880 -0.333480 -0.315375
-0.297593 -0.280159 -0.263099 -0.246438 -0.230199
-0.214404 -0.199073 -0.184227 -0.169883 -0.156059
-0.142771 -0.130032 -0.117856 -0.106255 -0.095237
-0.084814 -0.074990 -0.065773 -0.057167 -0.049174
-0.041797 -0.035036 -0.028888 -0.023353 -0.018425
-0.014100 -0.010371 -0.007230 -0.004667 -0.002674
-0.001238 -0.000346 0.000014 -0.000142 -0.000799
-0.001940 -0.003548 -0.005604 -0.008090 -0.010985
-0.014270 -0.017922 -0.021922 -0.026246 -0.030873
-0.035779 -0.040941 -0.046337 -0.051942 -0.057734
-0.063688 -0.069781 -0.075990 -0.082291 -0.088662
-0.095078 -0.101518 -0.107960 -0.114381 -0.120760
-0.127077 -0.133311 -0.139443 -0.145453 -0.151324
-0.157037 -0.162577 -0.167926 -0.173069 -0.177994
-0.182685 -0.187130 -0.191318 -0.195239 -0.198881
-0.202238 -0.205300 -0.208061 -0.210515 -0.212658
-0.214485 -0.215994 -0.217183 -0.218051 -0.218598
-0.218824 -0.218733 -0.218326 -0.217607 -0.216581
-0.215253 -0.213629 -0.211717 -0.209523 -0.207056
-0.204326 -0.201341 -0.198112 -0.194651 -0.190967
-0.187074 -0.182982 -0.178706 -0.174258 -0.169651
-0.164898 -0.160014 -0.155013 -0.149909 -0.144715
-0.139446 -0.134117 -0.128741 -0.123334 -0.117907
-0.112477 -0.107056 -0.101658 -0.096295 -0.090982
-0.085730 -0.080551 -0.075458 -0.070462 -0.065573
-0.060802 -0.056159 -0.051654 -0.047295 -0.043090
-0.039048 -0.035175 -0.031478 -0.027962 -0.024633
-0.021496 -0.018555 -0.015813 -0.013272 -0.010935
-0.008803 -0.006877 -0.005157 -0.003643 -0.002333
-0.001227 0.999418 0.999289 0.999144 0.998985
0.998811 0.998620 0.998414 0.998192 0.997954
0.997699 0.997428 0.997140 0.996836 0.996516
0.996179 0.995826 0.995457 0.995072 0.994671
0.994256 0.993826 0.993381 0.992923 0.992451
0.991967 0.991471 0.990963 0.990445 0.989918
0.989381 0.988837 0.988286 0.987729 0.987167
0.986602 0.986034 0.985464 0.984895 0.984327
0.983761 0.983200 0.982643 0.982094 0.981552
0.981020 0.980499 0.979991 0.979497 0.979018
0.978556 0.978113 0.977690 0.977288 0.976909
0.976555 0.976226 0.975924 0.975651 0.975408
0.975195 0.975015 0.974868 0.974755 0.974678
0.974637 0.974633 0.974667 0.974739 0.974850
0.975000 0.975190 0.975420 0.975690 0.975999
0.976349 0.976738 0.977165 0.977631 0.978134
0.978674 0.979250 0.979859 0.980501 0.981174
0.981877 0.982606 0.983361 0.984138 0.984936
0.985751 0.986580 0.987421 0.988270 0.989123
0.989976 0.990826 0.991669 0.992500 0.993315
0.994108 0.994875 0.995611 0.996311 0.996968
0.997578 0.998133 0.998629 0.999059 0.999417
0.999695 0.999887 0.999987 0.999987 0.999880
0.999659 0.999317 0.998845 0.998236 0.997483
0.996578 0.995512 0.994279 0.992869 0.991275
0.989489 0.987502 0.985307 0.982895 0.980259
0.977390 0.974280 0.970922 0.967307 0.963428
0.959277 0.954846 0.950128 0.945116 0.939802
0.934180 0.928242 0.921982 0.915394 0.908472
0.901208 0.893599 0.885638 0.877320 0.868640
0.859594 0.850177 0.840386 0.830217 0.819667
0.808732 0.797412 0.785702 0.773602 0.761111
0.748227 0.734951 0.721282 0.707220 0.692767
0.677924 0.662693 0.647075 0.631075 0.614695
0.597939 0.580811 0.563317 0.545460 0.527247
0.508685 0.489780 0.470539 0.450969 0.431080
0.410880 0.390378 0.369584 0.348507 0.327159
0.305551 0.283694 0.261600 0.239282 0.216752
0.194024 0.171111 0.148028 0.124789 0.101408
0.077902 0.054285 0.030574 0.006784 -0.017068
-0.040965 -0.064890 -0.088826 -0.112755 -0.136661
-0.160524 -0.184327 -0.208052 -0.231680 -0.255194
-0.278574 -0.301801 -0.324859 -0.347727 -0.370387
-0.392821 -0.415009 -0.436935 -0.458578 -0.479922
-0.500947 -0.521636 -0.541972 -0.561936 -0.581511
-0.600680 -0.619427 -0.637734 -0.655586 -0.672966
-0.689860 -0.706251 -0.722126 -0.737470 -0.752268
-0.766509 -0.780177 -0.793262 -0.805750 -0.817631
-0.828893 -0.839527 -0.849522 -0.858868 -0.867558
-0.875583 -0.882936 -0.889609 -0.895597 -0.900893
-0.905494 -0.909394 -0.912590 -0.915079 -0.916858
-0.917927 -0.918283 -0.917927 -0.916858 -0.915079
-0.912590 -0.909394 -0.905494 -0.900893 -0.895597
-0.889609 -0.882936 -0.875583 -0.867558 -0.858868
-0.849522 -0.839527 -0.828893 -0.817631 -0.805750
-0.793262 -0.780177 -0.766509 -0.752268 -0.737470
-0.722126 -0.706251 -0.689860 -0.672966 -0.655586
-0.637734 -0.619427 -0.600680 -0.581511 -0.561936
-0.541972 -0.521636 -0.500947 -0.479922 -0.458578
-0.436935 -0.415009 -0.392821 -0.370387 -0.347727
-0.324859 -0.301801 -0.278574 -0.255194 -0.231680
-0.208052 -0.184327 -0.160524 -0.136661 -0.112755
-0.088826 -0.064890 -0.040965 -0.017068 0.006784
0.030574 0.054285 0.077902 0.101408 0.124789
0.148028 0.171111 0.194024 0.216752 0.239282
0.261600 0.283694 0.305551 0.327159 0.348507
0.369584 0.390378 0.410880 0.431080 0.450969
0.470539 0.489780 0.508685 0.527247 0.545460
0.563317 0.580811 0.597939 0.614695 0.631075
0.647075 0.662693 0.677924 0.692767 0.707220
0.721282 0.734951 0.748227 0.761111 0.773602
0.785702 0.797412 0.808732 0.819667 0.830217
0.840386 0.850177 0.859594 0.868640 0.877320
0.885638 0.893599 0.901208 0.908472 0.915394
0.921982 0.928242 0.934180 0.939802 0.945116
0.950128 0.954846 0.959277 0.963428 0.967307
0.970922 0.974280 0.977390 0.980259 0.982895
0.985307 0.987502 0.989489 0.991275 0.992869
0.994279 0.995512 0.996578 0.997483 0.998236
0.998845 0.999317 0.999659 0.999880 0.999987
0.999987 0.999887 0.999695 0.999417 0.999059
0.998629 0.998133 0.997578 0.996968 0.996311
0.995611 0.994875 0.994108 0.993315 0.992500
0.991669 0.990826 0.989976 0.989123 0.988270
0.987421 0.986580 0.985751 0.984936 0.984138
0.983361 0.982606 0.981877 0.981174 0.980501
0.979859 0.979250 0.978674 0.978134 0.977631
0.977165 0.976738 0.976349 0.975999 0.975690
0.975420 0.975190 0.975000 0.974850 0.974739
0.974667 0.974633 0.974637 0.974678 0.974755
0.974868 0.975015 0.975195 0.975408 0.975651
0.975924 0.976226 0.976555 0.976909 0.977288
0.977690 0.978113 0.978556 0.979018 0.979497
0.979991 0.980499 0.981020 0.981552 0.982094
0.982643 0.983200 0.983761 0.984327 0.984895
0.985464 0.986034 0.986602 0.987167 0.987729
0.988286 0.988837 0.989381 0.989918 0.990445
0.990963 0.991471 0.991967 0.992451 0.992923
0.993381 0.993826 0.994256 0.994671 0.995072
0.995457 0.995826 0.996179 0.996516 0.996836
0.997140 0.997428 0.997699 0.997954 0.998192
0.998414 0.998620 0.998811 0.998985 0.999144
0.999289 0.999418 0.999534 0.052341 0.064008
0.076995 0.091334 0.107052 0.124174 0.142722
0.162714 0.184166 0.207089 0.231490 0.257375
0.284743 0.313590 0.343908 0.375684 0.408902
0.443540 0.479572 0.516966 0.555689 0.595698
0.636950 0.679394 0.722975 0.767634 0.813307
0.859923 0.907409 0.955686 1.004671 1.054275
1.104407 1.154970 1.205863 1.256981 1.308216
1.359455 1.410583 1.461482 1.512028 1.562099
1.611567 1.660302 1.708175 1.755053 1.800803
1.845290 1.888379 1.929937 1.969828 2.007919
2.044077 2.078173 2.110076 2.139661 2.166805
2.191389 2.213295 2.232414 2.248639 2.261868
2.272008 2.278969 2.282672 2.283041 2.280011
2.273525 2.263535 2.250003 2.232900 2.212209
2.187924 2.160049 2.128603 2.093615 2.055128
2.013199 1.967898 1.919310 1.867536 1.812690
1.754902 1.694320 1.631106 1.565438 1.497514
1.427547 1.355766 1.282420 1.207775 1.132115
1.055740 0.978971 0.902146 0.825621 0.749769
0.674982 0.601672 0.530265 0.461209 0.394965
0.332016 0.272858 0.218006 0.167990 0.123359
0.084674 0.052512 0.027467 0.010145 0.001164
0.001160 0.010775 0.030668 0.061505 0.103965
0.158734 0.226507 0.307989 0.403887 0.514919
0.641803 0.785264 0.946030 1.124827 1.322387
1.539436 1.776703 2.034912 2.314783 2.617032
2.942367 3.291491 3.665096 4.063865 4.488469
4.939568 5.417806 5.923814 6.458206 7.021578
7.614507 8.237551 8.891244 9.576101 10.292611
11.041238 11.822420 12.636567 13.484062 14.365255
15.280469 16.229992 17.214081 18.232957 19.286808
20.375784 21.500000 22.659532 23.854418 25.084655
26.350203 27.650978 28.986856 30.357671 31.763214
33.203234 34.677435 36.185478 37.726979 39.301510
40.908600 42.547731 44.218342 45.919825 47.651530
49.412761 51.202777 53.020794 54.865985 56.737477
58.634358 60.555670 62.500415 64.467555 66.456008
68.464658 70.492345 72.537876 74.600017 76.677501
78.769027 80.873258 82.988828 85.114339 87.248362
89.389443 91.536098 93.686822 95.840083 97.994329
100.147988 102.299468 104.447163 106.589448 108.724689
110.851237 112.967438 115.071625 117.162130 119.237280
121.295399 123.334812 125.353848 127.350838 129.324121
131.272043 133.192961 135.085246 136.947280 138.777464
140.574217 142.335979 144.061210 145.748397 147.396053
149.002717 150.566961 152.087386 153.562628 154.991360
156.372289 157.704164 158.985771 160.215942 161.393550
162.517513 163.586796 164.600414 165.557427 166.456949
167.298143 168.080227 168.802472 169.464202 170.064798
170.603698 171.080397 171.494446 171.845458 172.133100
172.357104 172.517258 172.613410 172.645471 172.613410
172.517258 172.357104 172.133100 171.845458 171.494446
171.080397 170.603698 170.064798 169.464202 168.802472
168.080227 167.298143 166.456949 165.557427 164.600414
163.586796 162.517513 161.393550 160.215942 158.985771
157.704164 156.372289 154.991360 153.562628 152.087386
150.566961 149.002717 147.396053 145.748397 144.061210
142.335979 140.574217 138.777464 136.947280 135.085246
133.192961 131.272043 129.324121 127.350838 125.353848
123.334812 121.295399 119.237280 117.162130 115.071625
112.967438 110.851237 108.724689 106.589448 104.447163
102.299468 100.147988 97.994329 95.840083 93.686822
91.536098 89.389443 87.248362 85.114339 82.988828
80.873258 78.769027 76.677501 74.600017 72.537876
70.492345 68.464658 66.456008 64.467555 62.500415
60.555670 58.634358 56.737477 54.865985 53.020794
51.202777 49.412761 47.651530 45.919825 44.218342
42.547731 40.908600 39.301510 37.726979 36.185478
34.677435 33.203234 31.763214 30.357671 28.986856
27.650978 26.350203 25.084655 23.854418 22.659532
21.500000 20.375784 19.286808 18.232957 17.214081
16.229992 15.280469 14.365255 13.484062 12.636567
11.822420 11.041238 10.292611 9.576101 8.891244
8.237551 7.614507 7.021578 6.458206 5.923814
5.417806 4.939568 4.488469 4.063865 3.665096
3.291491 2.942367 2.617032 2.314783 2.034912
1.776703 1.539436 1.322387 1.124827 0.946030
0.785264 0.641803 0.514919 0.403887 0.307989
0.226507 0.158734 0.103965 0.061505 0.030668
0.010775 0.001160 0.001164 0.010145 0.027467
0.052512 0.084674 0.123359 0.167990 0.218006
0.272858 0.332016 0.394965 0.461209 0.530265
0.601672 0.674982 0.749769 0.825621 0.902146
0.978971 1.055740 1.132115 1.207775 1.282420
1.355766 1.427547 1.497514 1.565438 1.631106
1.694320 1.754902 1.812690 1.867536 1.919310
1.967898 2.013199 2.055128 2.093615 2.128603
2.160049 2.187924 2.212209 2.232900 2.250003
2.263535 2.273525 2.280011 2.283041 2.282672
2.278969 2.272008 2.261868 2.248639 2.232414
2.213295 2.191389 2.166805 2.139661 2.110076
2.078173 2.044077 2.007919 1.969828 1.929937
1.888379 1.845290 1.800803 1.755053 1.708175
1.660302 1.611567 1.562099 1.512028 1.461482
1.410583 1.359455 1.308216 1.256981 1.205863
1.154970 1.104407 1.054275 1.004671 0.955686
0.907409 0.859923 0.813307 0.767634 0.722975
0.679394 0.636950 0.595698 0.555689 0.516966
0.479572 0.443540 0.408902 0.375684 0.343908
0.313590 0.284743 0.257375 0.231490 0.207089
0.184166 0.162714 0.142722 0.124174 0.107052
0.091334 0.076995 0.064008 0.052341 0.041963
